[2025-11-27 13:32:09] [[-1.13271971e-01 -1.78933238e-01 -2.44266198e-01 ...  3.75870090e+00
   3.73879235e+00  3.71982815e+00]
 [ 1.19665128e+01  1.19036433e+01  1.18429467e+01 ...  3.51499020e+00
   3.49856003e+00  3.48761871e+00]
 [ 3.86129057e+00  5.96081911e+00  8.04982890e+00 ...  3.60827967e+00
   3.60443514e+00  3.59642810e+00]
 ...
 [-3.36146002e-03 -2.54317330e-02 -6.94619276e-02 ...  3.81489841e+00
   3.79502567e+00  3.78000427e+00]
 [-2.54317330e-02 -6.94619276e-02 -1.13271971e-01 ...  3.79502567e+00
   3.78000427e+00  3.75870090e+00]
 [-6.94619276e-02 -1.13271971e-01 -1.78933238e-01 ...  3.78000427e+00
   3.75870090e+00  3.73879235e+00]]
[2025-11-27 13:34:31] [[ 2.1745118   2.15741319  2.14538436 ...  0.59927779  0.59468061
   0.59145808]
 [ 0.75846138  0.75811593  0.76053891 ...  0.28378662  0.2806824
   0.28042378]
 [ 0.2373626   0.2354409   0.2321349  ...  0.00628415  0.00826343
   0.00674804]
 ...
 [ 0.11846354  0.12374686  0.12359707 ... -0.42225185 -0.44009457
  -0.45624296]
 [-0.32423531 -0.31923064 -0.31596171 ... -0.11984882 -0.12220204
  -0.1218824 ]
 [-0.00694274 -0.01311296 -0.01606323 ...  0.05127547  0.05089669
   0.04629582]]
[2025-11-27 13:35:34] [[-0.06946193 -0.11327197 -0.17893324 ...  3.78000427  3.7587009
   3.73879235]
 [11.96651282 11.90364331 11.84294669 ...  3.5149902   3.49856003
   3.48761871]
 [ 2.46086077  3.86129057  5.96081911 ...  3.61577316  3.60827967
   3.60443514]
 ...
 [-0.11327197 -0.17893324 -0.2442662  ...  3.7587009   3.73879235
   3.71982815]
 [-0.02543173 -0.06946193 -0.11327197 ...  3.79502567  3.78000427
   3.7587009 ]
 [-0.02543173 -0.06946193 -0.11327197 ...  3.79502567  3.78000427
   3.7587009 ]]
[2025-11-27 17:05:28] [[-0.03089088 -0.08357987 -0.13600541 ...  2.44273802  2.50466383
   2.58508604]
 [-0.08357987 -0.13600541 -0.21457935 ...  2.50466383  2.58508604
   2.67312104]
 [-0.00448036 -0.03089088 -0.08357987 ...  2.39163754  2.44273802
   2.50466383]
 ...
 [-0.13600541 -0.21457935 -0.29276042 ...  2.58508604  2.67312104
   2.77003437]
 [-0.03089088 -0.08357987 -0.13600541 ...  2.44273802  2.50466383
   2.58508604]
 [-0.08357987 -0.13600541 -0.21457935 ...  2.50466383  2.58508604
   2.67312104]]
[2025-11-27 17:05:52] [[-0.06946193 -0.11327197 -0.17893324 ...  3.78000427  3.7587009
   3.73879235]
 [11.96651282 11.90364331 11.84294669 ...  3.5149902   3.49856003
   3.48761871]
 [ 2.46086077  3.86129057  5.96081911 ...  3.61577316  3.60827967
   3.60443514]
 ...
 [-0.11327197 -0.17893324 -0.2442662  ...  3.7587009   3.73879235
   3.71982815]
 [-0.02543173 -0.06946193 -0.11327197 ...  3.79502567  3.78000427
   3.7587009 ]
 [-0.02543173 -0.06946193 -0.11327197 ...  3.79502567  3.78000427
   3.7587009 ]]
[2025-11-27 17:12:06] [[ 2.1745118   2.15741319  2.14538436 ...  0.59927779  0.59468061
   0.59145808]
 [ 0.75846138  0.75811593  0.76053891 ...  0.28378662  0.2806824
   0.28042378]
 [ 0.2373626   0.2354409   0.2321349  ...  0.00628415  0.00826343
   0.00674804]
 ...
 [ 0.11846354  0.12374686  0.12359707 ... -0.42225185 -0.44009457
  -0.45624296]
 [-0.32423531 -0.31923064 -0.31596171 ... -0.11984882 -0.12220204
  -0.1218824 ]
 [-0.00694274 -0.01311296 -0.01606323 ...  0.05127547  0.05089669
   0.04629582]]
[2025-11-27 17:12:25] [[ 2.15399760e+00  2.13470749e+00  2.11309971e+00 ...  7.53405727e-01
   7.50702652e-01  7.43450398e-01]
 [ 6.83377240e-01  7.04899999e-01  7.26146155e-01 ...  2.29135019e-01
   2.26494327e-01  2.20656052e-01]
 [ 3.56820207e-03  4.95229268e-03  1.62192024e-03 ... -3.20541600e-01
  -3.24755192e-01 -3.26099050e-01]
 ...
 [-4.95994550e-02 -2.94090506e-02 -1.21924063e-02 ...  8.64857059e-02
   6.49072870e-02  4.20848505e-02]
 [-2.58367822e-01 -2.70182939e-01 -2.75131150e-01 ... -9.21366466e-03
  -7.64703917e-04  1.04182551e-02]
 [-4.50939401e-01 -4.63553971e-01 -4.53388557e-01 ...  7.11998625e-02
   6.82383483e-02  6.28533760e-02]]
[2025-11-27 17:13:00] [[-0.03089088 -0.08357987 -0.13600541 ...  2.44273802  2.50466383
   2.58508604]
 [-0.08357987 -0.13600541 -0.21457935 ...  2.50466383  2.58508604
   2.67312104]
 [-0.00448036 -0.03089088 -0.08357987 ...  2.39163754  2.44273802
   2.50466383]
 ...
 [-0.13600541 -0.21457935 -0.29276042 ...  2.58508604  2.67312104
   2.77003437]
 [-0.03089088 -0.08357987 -0.13600541 ...  2.44273802  2.50466383
   2.58508604]
 [-0.08357987 -0.13600541 -0.21457935 ...  2.50466383  2.58508604
   2.67312104]]
